         0.5    0.880213    0.879086
           1    0.987151    0.912049
         1.5     1.02959    0.890188
           2     1.04978    0.850477
         2.5     1.05961    0.802958
           3     1.06383    0.751701
         3.5     1.06473    0.698778
           4     1.06352    0.645423
         4.5     1.06092    0.592459
           5     1.05738    0.540487
         5.5     1.05318    0.489972
           6     1.04854     0.44129
         6.5     1.04357     0.39475
           7     1.03837    0.350611
         7.5     1.03302    0.309082
           8     1.02756    0.270333
         8.5     1.02204     0.23449
           9     1.01648    0.201634
         9.5      1.0109    0.171806
          10     1.00532    0.144999
        10.5    0.999753    0.121163
          11    0.994207    0.100206
        11.5    0.988691   0.0819934
          12    0.983208   0.0663587
        12.5    0.977765   0.0531052
