         0.5    0.880213    0.813331
           1    0.987151    0.850325
         1.5     1.02959    0.830686
           2     1.04978    0.792475
         2.5     1.05961    0.746225
           3     1.06383     0.69622
         3.5     1.06473    0.644638
           4     1.06352    0.592764
         4.5     1.06092     0.54145
           5     1.05738    0.491308
         5.5     1.05318    0.442805
           6     1.04854    0.396311
         6.5     1.04357    0.352126
           7     1.03837    0.310491
         7.5     1.03302    0.271597
           8     1.02756    0.235586
         8.5     1.02204    0.202555
           9     1.01648    0.172552
         9.5      1.0109    0.145579
          10     1.00532    0.121592
        10.5    0.999753      0.1005
          11    0.994207   0.0821746
        11.5    0.988691   0.0664476
          12    0.983208   0.0531221
        12.5    0.977765   0.0419789
