         0.5    0.880213    0.812246
           1    0.987151     0.84928
         1.5     1.02959    0.829621
           2     1.04978    0.791359
         2.5     1.05961    0.745041
           3     1.06383    0.694963
         3.5     1.06473    0.643306
           4     1.06352    0.591361
         4.5     1.06092    0.539982
           5     1.05738    0.489785
         5.5     1.05318    0.441237
           6     1.04854    0.394713
         6.5     1.04357    0.350512
           7     1.03837    0.308877
         7.5     1.03302    0.269999
           8     1.02756    0.234022
         8.5     1.02204    0.201041
           9     1.01648    0.171103
         9.5      1.0109    0.144209
          10     1.00532    0.120312
        10.5    0.999753   0.0993212
          11    0.994207   0.0811025
        11.5    0.988691   0.0654862
          12    0.983208   0.0522721
        12.5    0.977765   0.0412381
