   0.0253807     1.27559     1.27606
   0.0507614      1.2753     1.24051
   0.0761421     1.25918     1.20216
    0.101523     1.24022     1.16626
    0.126904     1.22096     1.13304
    0.152284     1.20213      1.1022
    0.177665     1.18393     1.07339
    0.203046     1.16641     1.04634
    0.228426     1.14956     1.02081
    0.253807     1.13333    0.996609
    0.279188     1.11769    0.973596
    0.304569      1.1026    0.951641
    0.329949     1.08801     0.93064
     0.35533     1.07389    0.910506
    0.380711      1.0602    0.891164
    0.406091     1.04692    0.872551
    0.431472     1.03402    0.854612
    0.456853     1.02147    0.837298
    0.482234     1.00925    0.820568
    0.507614    0.997337    0.804384
    0.532995    0.985723    0.788714
    0.558376    0.974386    0.773527
    0.583756    0.963312    0.758798
    0.609137    0.952487    0.744503
    0.634518      0.9419     0.73062
    0.659898    0.931538     0.71713
    0.685279    0.921392    0.704014
     0.71066    0.911452    0.691256
    0.736041    0.901709    0.678842
    0.761421    0.892155    0.666758
    0.786802    0.882782     0.65499
    0.812183    0.873583    0.643528
    0.837563    0.864552    0.632359
    0.862944    0.855682    0.621474
    0.888325    0.846968    0.610864
    0.913706    0.838404    0.600519
    0.939086    0.829985    0.590432
    0.964467    0.821707    0.580593
    0.989848    0.813565    0.570997
     1.01523    0.805554    0.561636
     1.04061    0.797671    0.552504
     1.06599    0.789913    0.543594
     1.09137    0.782275    0.534901
     1.11675    0.774753    0.526419
     1.14213    0.767346    0.518143
     1.16751     0.76005    0.510068
     1.19289    0.752861    0.502189
     1.21827    0.745778    0.494501
     1.24365    0.738798    0.487001
     1.26904    0.731917    0.479683
