   0.0253807     1.22427     1.27606
   0.0507614     1.23847     1.24051
   0.0761421     1.22906     1.20216
    0.101523     1.21417     1.16626
    0.126904     1.19774     1.13304
    0.152284     1.18101      1.1022
    0.177665     1.16446     1.07339
    0.203046     1.14829     1.04634
    0.228426     1.13255     1.02081
    0.253807     1.11729    0.996609
    0.279188     1.10248    0.973596
    0.304569     1.08811    0.951641
    0.329949     1.07417     0.93064
     0.35533     1.06063    0.910506
    0.380711     1.04748    0.891164
    0.406091     1.03467    0.872551
    0.431472     1.02221    0.854612
    0.456853     1.01007    0.837298
    0.482234    0.998224    0.820568
    0.507614    0.986668    0.804384
    0.532995    0.975383    0.788714
    0.558376    0.964356    0.773527
    0.583756    0.953573    0.758798
    0.609137    0.943025    0.744503
    0.634518    0.932699     0.73062
    0.659898    0.922586     0.71713
    0.685279    0.912676    0.704014
     0.71066    0.902962    0.691256
    0.736041    0.893436    0.678842
    0.761421    0.884089    0.666758
    0.786802    0.874915     0.65499
    0.812183    0.865908    0.643528
    0.837563    0.857062    0.632359
    0.862944     0.84837    0.621474
    0.888325    0.839829    0.610864
    0.913706    0.831432    0.600519
    0.939086    0.823175    0.590432
    0.964467    0.815054    0.580593
    0.989848    0.807064    0.570997
     1.01523    0.799202    0.561636
     1.04061    0.791464    0.552504
     1.06599    0.783846    0.543594
     1.09137    0.776346    0.534901
     1.11675    0.768959    0.526419
     1.14213    0.761683    0.518143
     1.16751    0.754514    0.510068
     1.19289    0.747452    0.502189
     1.21827    0.740491    0.494501
     1.24365    0.733631    0.487001
     1.26904    0.726869    0.479683
