   0.0253807     1.27699     1.27606
   0.0507614      1.2763     1.24051
   0.0761421        1.26     1.20216
    0.101523     1.24092     1.16626
    0.126904     1.22159     1.13304
    0.152284     1.20269      1.1022
    0.177665     1.18445     1.07339
    0.203046     1.16689     1.04634
    0.228426     1.15001     1.02081
    0.253807     1.13375    0.996609
    0.279188     1.11809    0.973596
    0.304569     1.10298    0.951641
    0.329949     1.08837     0.93064
     0.35533     1.07424    0.910506
    0.380711     1.06053    0.891164
    0.406091     1.04724    0.872551
    0.431472     1.03432    0.854612
    0.456853     1.02176    0.837298
    0.482234     1.00953    0.820568
    0.507614    0.997611    0.804384
    0.532995    0.985987    0.788714
    0.558376    0.974641    0.773527
    0.583756    0.963559    0.758798
    0.609137    0.952727    0.744503
    0.634518    0.942132     0.73062
    0.659898    0.931764     0.71713
    0.685279    0.921611    0.704014
     0.71066    0.911665    0.691256
    0.736041    0.901916    0.678842
    0.761421    0.892356    0.666758
    0.786802    0.882977     0.65499
    0.812183    0.873773    0.643528
    0.837563    0.864737    0.632359
    0.862944    0.855862    0.621474
    0.888325    0.847143    0.610864
    0.913706    0.838575    0.600519
    0.939086    0.830152    0.590432
    0.964467    0.821869    0.580593
    0.989848    0.813723    0.570997
     1.01523    0.805708    0.561636
     1.04061    0.797822    0.552504
     1.06599    0.790059    0.543594
     1.09137    0.782418    0.534901
     1.11675    0.774893    0.526419
     1.14213    0.767482    0.518143
     1.16751    0.760182    0.510068
     1.19289    0.752991    0.502189
     1.21827    0.745904    0.494501
     1.24365    0.738921    0.487001
     1.26904    0.732037    0.479683
