       0.001   0.0621738   0.0621019
       0.002   0.0877877   0.0876938
       0.004     0.12376    0.123648
       0.008    0.173934    0.173836
       0.016    0.242995    0.243017
       0.032    0.335691    0.336134
       0.064    0.454597    0.456197
       0.128    0.596033    0.600311
       0.256    0.746426    0.755931
       0.512    0.884496     0.90269
       1.024     0.99007     1.02115
       2.048     1.05106     1.10037
       4.096     1.06311     1.13826
       8.192     1.02545     1.13797
      16.384    0.937028     1.10362
