       0.001   0.0621738   0.0621836
       0.002   0.0877877   0.0878073
       0.004     0.12376    0.123803
       0.008    0.173934    0.174039
       0.016    0.242995    0.243261
       0.032    0.335691    0.336368
       0.064    0.454597    0.456266
       0.128    0.596033    0.599863
       0.256    0.746426    0.754356
       0.512    0.884496    0.899155
       1.024     0.99007     1.01465
       2.048     1.05106     1.08958
       4.096     1.06311     1.12113
       8.192     1.02545     1.11088
      16.384    0.937028     1.05969
