       0.001   0.0621738 -0.00628417
       0.002   0.0877877 -0.00888716
       0.004     0.12376  -0.0125684
       0.008    0.173934  -0.0177744
       0.016    0.242995   -0.025137
       0.032    0.335691  -0.0355496
       0.064    0.454597  -0.0502762
       0.128    0.596033  -0.0711053
       0.256    0.746426    -0.10057
       0.512    0.884496   -0.142259
       1.024     0.99007   -0.201277
       2.048     1.05106   -0.284909
       4.096     1.06311   -0.403656
       8.192     1.02545   -0.572921
      16.384    0.937028   -0.816018
