       0.001   0.0621738 0.000176053
       0.002   0.0877877  0.00024897
       0.004     0.12376  0.00035208
       0.008    0.173934  0.00049787
       0.016    0.242995 0.000703962
       0.032    0.335691 0.000995178
       0.064    0.454597  0.00140633
       0.128    0.596033  0.00198586
       0.256    0.746426  0.00279995
       0.512    0.884496  0.00393575
       1.024     0.99007  0.00549824
       2.048     1.05106  0.00758435
       4.096     1.06311   0.0101865
       8.192     1.02545    0.012891
      16.384    0.937028   0.0140118
