       0.001   0.0621738   0.0621191
       0.002   0.0877877   0.0877286
       0.004     0.12376    0.123727
       0.008    0.173934    0.174029
       0.016    0.242995    0.243507
       0.032    0.335691    0.337391
       0.064    0.454597    0.459311
       0.128    0.596033    0.607493
       0.256    0.746426    0.770842
       0.512    0.884496    0.930135
       1.024     0.99007     1.06632
       2.048     1.05106     1.16818
       4.096     1.06311     1.23243
       8.192     1.02545     1.25898
      16.384    0.937028     1.24596
