       0.001   0.0621738   0.0621768
       0.002   0.0877877   0.0878042
       0.004     0.12376    0.123817
       0.008    0.173934     0.17411
       0.016    0.242995    0.243497
       0.032    0.335691    0.337052
       0.064    0.454597     0.45806
       0.128    0.596033    0.604106
       0.256    0.746426    0.763229
       0.512    0.884496    0.915421
       1.024     0.99007     1.04102
       2.048     1.05106     1.12791
       4.096     1.06311     1.17089
       8.192     1.02545     1.16593
      16.384    0.937028      1.1033
