       0.001   0.0621738   0.0621334
       0.002   0.0877877   0.0877135
       0.004     0.12376    0.123607
       0.008    0.173934    0.173586
       0.016    0.242995    0.242147
       0.032    0.335691    0.333572
       0.064    0.454597    0.449391
       0.128    0.596033    0.583923
       0.256    0.746426    0.720348
       0.512    0.884496    0.832145
       1.024     0.99007    0.888413
       2.048     1.05106     0.85213
       4.096     1.06311    0.669042
       8.192     1.02545    0.299779
      16.384    0.937028   0.0113335
