       0.001   0.0621738   0.0621181
       0.002   0.0877877    0.087711
       0.004     0.12376    0.123657
       0.008    0.173934    0.173804
       0.016    0.242995    0.242854
       0.032    0.335691    0.335598
       0.064    0.454597    0.454708
       0.128    0.596033    0.596656
       0.256    0.746426    0.747957
       0.512    0.884496    0.887014
       1.024     0.99007    0.992305
       2.048     1.05106     1.04794
       4.096     1.06311     1.03973
       8.192     1.02545    0.943785
      16.384    0.937028    0.714376
