       0.001   0.0621738   0.0621699
       0.002   0.0877877   0.0877845
       0.004     0.12376    0.123762
       0.008    0.173934    0.173955
       0.016    0.242995    0.243071
       0.032    0.335691    0.335919
       0.064    0.454597    0.455195
       0.128    0.596033     0.59741
       0.256    0.746426    0.749133
       0.512    0.884496    0.888821
       1.024     0.99007    0.994995
       2.048     1.05106      1.0518
       4.096     1.06311     1.04506
       8.192     1.02545    0.950707
      16.384    0.937028    0.722353
