       0.001   0.0621738   0.0621756
       0.002   0.0877877   0.0877925
       0.004     0.12376    0.123773
       0.008    0.173934     0.17397
       0.016    0.242995    0.243092
       0.032    0.335691    0.335947
       0.064    0.454597     0.45523
       0.128    0.596033    0.597451
       0.256    0.746426    0.749176
       0.512    0.884496    0.888862
       1.024     0.99007     0.99503
       2.048     1.05106     1.05183
       4.096     1.06311     1.04508
       8.192     1.02545    0.950731
      16.384    0.937028     0.72238
