       0.001   0.0621738   0.0621591
       0.002   0.0877877   0.0877743
       0.004     0.12376    0.123761
       0.008    0.173934    0.173993
       0.016    0.242995    0.243232
       0.032    0.335691     0.33642
       0.064    0.454597    0.456558
       0.128    0.596033    0.600731
       0.256    0.746426    0.756371
       0.512    0.884496      0.9031
       1.024     0.99007      1.0215
       2.048     1.05106     1.10064
       4.096     1.06311     1.13847
       8.192     1.02545     1.13813
      16.384    0.937028     1.10374
