       0.001   0.0621738   0.0621649
       0.002   0.0877877   0.0877589
       0.004     0.12376    0.123674
       0.008    0.173934    0.173689
       0.016    0.242995    0.242316
       0.032    0.335691    0.333881
       0.064    0.454597    0.450045
       0.128    0.596033    0.585523
       0.256    0.746426    0.724694
       0.512    0.884496    0.844451
       1.024     0.99007    0.922984
       2.048     1.05106    0.945423
       4.096     1.06311    0.901508
       8.192     1.02545    0.778836
      16.384    0.937028    0.553784
