       0.001   0.0621738   0.0621538
       0.002   0.0877877   0.0877669
       0.004     0.12376    0.123751
       0.008    0.173934     0.17398
       0.016    0.242995    0.243216
       0.032    0.335691    0.336404
       0.064    0.454597    0.456551
       0.128    0.596033    0.600755
       0.256    0.746426    0.756463
       0.512    0.884496    0.903314
       1.024     0.99007      1.0219
       2.048     1.05106     1.10135
       4.096     1.06311      1.1397
       8.192     1.02545     1.14035
      16.384    0.937028     1.10814
