       0.001   0.0621738   0.0621522
       0.002   0.0877877   0.0877649
       0.004     0.12376    0.123749
       0.008    0.173934    0.173979
       0.016    0.242995     0.24322
       0.032    0.335691    0.336425
       0.064    0.454597    0.456615
       0.128    0.596033    0.600917
       0.256    0.746426    0.756817
       0.512    0.884496    0.903988
       1.024     0.99007     1.02305
       2.048     1.05106     1.10319
       4.096     1.06311     1.14253
       8.192     1.02545     1.14469
      16.384    0.937028     1.11483
