       0.001   0.0621738   0.0621533
       0.002   0.0877877   0.0877668
       0.004     0.12376    0.123753
       0.008    0.173934    0.173986
       0.016    0.242995    0.243235
       0.032    0.335691    0.336459
       0.064    0.454597    0.456695
       0.128    0.596033    0.601096
       0.256    0.746426    0.757184
       0.512    0.884496    0.904665
       1.024     0.99007      1.0242
       2.048     1.05106       1.105
       4.096     1.06311     1.14531
       8.192     1.02545     1.14895
      16.384    0.937028     1.12139
